timestamp,inter_arrival_time,seq,ack,flag_CWR,flag_ECE,flag_URG,flag_ACK,flag_PSH,flag_RST,flag_SYN,flag_FIN,window_size,urgent_pointer,tcp_header_size,tcp_payload_size,ip_header_size,ip_id,ip_tos,ip_df,ip_mf,ip_offset
1541378109.931486,nan,660261921,2287037266,0,0,0,1,0,0,1,0,60192,0,40,0,5,63453,32,0,0,0
1541378109.962215,0.030729055404663086,660261922,2287037501,0,0,0,1,0,0,0,0,240,0,32,0,5,63464,32,0,0,0
1541378109.962569,0.0003540515899658203,660261922,2287037501,0,0,0,1,0,0,0,0,240,0,32,1418,5,63465,32,0,0,0
1541378109.96275,0.00018095970153808594,660263340,2287037501,0,0,0,1,1,0,0,0,240,0,32,1173,5,63466,32,0,0,0
1541378110.038268,0.07551813125610352,660264513,2287037594,0,0,0,1,1,0,0,0,240,0,32,51,5,63486,32,0,0,0
1541378110.101457,0.06318902969360352,660264564,2287037948,0,0,0,1,1,0,0,0,244,0,32,69,5,63546,32,0,0,0
1541378110.101736,0.0002789497375488281,660264633,2287037948,0,0,0,1,1,0,0,0,244,0,32,38,5,63547,32,0,0,0
1541378110.104424,0.0026879310607910156,660264671,2287037948,0,0,0,1,1,0,0,0,244,0,32,271,5,63548,32,0,0,0
1541378110.104853,0.00042891502380371094,660264942,2287037948,0,0,0,1,1,0,0,0,244,0,32,1418,5,63549,32,0,0,0
1541378110.106693,0.0018401145935058594,660266360,2287037948,0,0,0,1,0,0,0,0,244,0,32,1418,5,63550,32,0,0,0
1541378110.107059,0.00036597251892089844,660267778,2287037948,0,0,0,1,1,0,0,0,244,0,32,1418,5,63551,32,0,0,0
1541378110.110214,0.0031549930572509766,660269196,2287037948,0,0,0,1,0,0,0,0,244,0,32,1418,5,63552,32,0,0,0
1541378110.110217,3.0994415283203125e-06,660270614,2287037948,0,0,0,1,1,0,0,0,244,0,32,652,5,63553,32,0,0,0
1541378110.110414,0.00019693374633789062,660271266,2287037948,0,0,0,1,0,0,0,0,244,0,32,1418,5,63554,32,0,0,0
1541378110.110416,1.9073486328125e-06,660272684,2287037948,0,0,0,1,0,0,0,0,244,0,32,1418,5,63555,32,0,0,0
1541378110.112602,0.0021860599517822266,660274102,2287037948,0,0,0,1,0,0,0,0,244,0,32,1418,5,63556,32,0,0,0
1541378110.112723,0.00012111663818359375,660275520,2287037948,0,0,0,1,0,0,0,0,244,0,32,1418,5,63557,32,0,0,0
1541378110.113528,0.000804901123046875,660276938,2287037948,0,0,0,1,0,0,0,0,244,0,32,1418,5,63558,32,0,0,0
1541378110.139939,0.026411056518554688,660278356,2287037948,0,0,0,1,0,0,0,0,244,0,32,1418,5,63587,32,0,0,0
1541378110.140244,0.00030493736267089844,660279774,2287037948,0,0,0,1,0,0,0,0,244,0,32,1418,5,63588,32,0,0,0
1541378110.140254,1.0013580322265625e-05,660281192,2287037948,0,0,0,1,0,0,0,0,244,0,32,1418,5,63589,32,0,0,0
1541378110.140385,0.0001308917999267578,660282610,2287037948,0,0,0,1,0,0,0,0,244,0,32,1418,5,63590,32,0,0,0
1541378110.144029,0.0036439895629882812,660284028,2287037986,0,0,0,1,0,0,0,0,244,0,32,1418,5,63591,32,0,0,0
1541378110.14424,0.0002110004425048828,660285446,2287037986,0,0,0,1,0,0,0,0,244,0,32,1418,5,63592,32,0,0,0
1541378110.146278,0.0020380020141601562,660286864,2287037986,0,0,0,1,0,0,0,0,244,0,32,1418,5,63593,32,0,0,0
1541378110.14659,0.0003120899200439453,660288282,2287037986,0,0,0,1,0,0,0,0,244,0,32,1418,5,63594,32,0,0,0
1541378110.147025,0.00043511390686035156,660289700,2287037986,0,0,0,1,0,0,0,0,244,0,32,1418,5,63596,32,0,0,0
1541378110.147385,0.0003597736358642578,660291118,2287037986,0,0,0,1,0,0,0,0,244,0,32,1418,5,63597,32,0,0,0
1541378110.149531,0.002146005630493164,660292536,2287037986,0,0,0,1,0,0,0,0,244,0,32,1418,5,63599,32,0,0,0
1541378110.149865,0.00033402442932128906,660293954,2287037986,0,0,0,1,0,0,0,0,244,0,32,1418,5,63600,32,0,0,0
1541378110.152715,0.002850055694580078,660295372,2287037986,0,0,0,1,0,0,0,0,244,0,32,1418,5,63602,32,0,0,0
1541378110.153042,0.00032711029052734375,660296790,2287037986,0,0,0,1,0,0,0,0,244,0,32,1418,5,63603,32,0,0,0
1541378110.153294,0.00025200843811035156,660298208,2287037986,0,0,0,1,0,0,0,0,244,0,32,1418,5,63604,32,0,0,0
1541378110.154954,0.0016598701477050781,660299626,2287037986,0,0,0,1,0,0,0,0,244,0,32,1418,5,63605,32,0,0,0
1541378110.156234,0.001280069351196289,660301044,2287037986,0,0,0,1,0,0,0,0,244,0,32,1418,5,63606,32,0,0,0
1541378110.156347,0.00011301040649414062,660302462,2287037986,0,0,0,1,0,0,0,0,244,0,32,1418,5,63607,32,0,0,0
1541378110.159542,0.003195047378540039,660303880,2287037986,0,0,0,1,0,0,0,0,244,0,32,1418,5,63609,32,0,0,0
1541378110.159912,0.000370025634765625,660305298,2287037986,0,0,0,1,0,0,0,0,244,0,32,1418,5,63610,32,0,0,0
1541378110.160107,0.00019478797912597656,660306716,2287037986,0,0,0,1,0,0,0,0,244,0,32,1418,5,63612,32,0,0,0
1541378110.160109,2.1457672119140625e-06,660308134,2287037986,0,0,0,1,0,0,0,0,244,0,32,1418,5,63613,32,0,0,0
1541378110.162546,0.0024368762969970703,660309552,2287037986,0,0,0,1,0,0,0,0,244,0,32,1418,5,63614,32,0,0,0
1541378110.16271,0.000164031982421875,660310970,2287037986,0,0,0,1,0,0,0,0,244,0,32,1418,5,63615,32,0,0,0
1541378110.175903,0.013193130493164062,660312388,2287037986,0,0,0,1,0,0,0,0,244,0,32,1418,5,63627,32,0,0,0
1541378110.175905,1.9073486328125e-06,660313806,2287037986,0,0,0,1,0,0,0,0,244,0,32,1418,5,63628,32,0,0,0
1541378110.178441,0.0025360584259033203,660315224,2287037986,0,0,0,1,0,0,0,0,244,0,32,1418,5,63629,32,0,0,0
1541378110.178659,0.00021791458129882812,660316642,2287037986,0,0,0,1,0,0,0,0,244,0,32,1418,5,63630,32,0,0,0
1541378110.183597,0.0049381256103515625,660318060,2287037986,0,0,0,1,0,0,0,0,244,0,32,1418,5,63634,32,0,0,0
1541378110.187812,0.0042150020599365234,660319478,2287037986,0,0,0,1,0,0,0,0,244,0,32,1418,5,63635,32,0,0,0
1541378110.187816,3.814697265625e-06,660320896,2287037986,0,0,0,1,0,0,0,0,244,0,32,1418,5,63636,32,0,0,0
1541378110.18794,0.0001239776611328125,660322314,2287037986,0,0,0,1,0,0,0,0,244,0,32,1418,5,63637,32,0,0,0
1541378110.188274,0.00033402442932128906,660323732,2287038028,0,0,0,1,0,0,0,0,244,0,32,1418,5,63638,32,0,0,0
1541378110.188469,0.00019502639770507812,660325150,2287038028,0,0,0,1,0,0,0,0,244,0,32,1418,5,63639,32,0,0,0
1541378110.190808,0.0023391246795654297,660326568,2287038028,0,0,0,1,0,0,0,0,244,0,32,1418,5,63641,32,0,0,0
1541378110.191188,0.0003800392150878906,660327986,2287038028,0,0,0,1,0,0,0,0,244,0,32,1418,5,63642,32,0,0,0
1541378110.191191,2.86102294921875e-06,660329404,2287038028,0,0,0,1,0,0,0,0,244,0,32,1418,5,63644,32,0,0,0
1541378110.191274,8.296966552734375e-05,660330822,2287038028,0,0,0,1,0,0,0,0,244,0,32,1418,5,63645,32,0,0,0
1541378110.195688,0.004414081573486328,660332240,2287038028,0,0,0,1,0,0,0,0,244,0,32,1418,5,63646,32,0,0,0
1541378110.195879,0.00019097328186035156,660333658,2287038028,0,0,0,1,0,0,0,0,244,0,32,1418,5,63647,32,0,0,0
1541378110.196005,0.00012612342834472656,660335076,2287038028,0,0,0,1,0,0,0,0,244,0,32,1418,5,63648,32,0,0,0
1541378110.196397,0.00039196014404296875,660336494,2287038028,0,0,0,1,0,0,0,0,244,0,32,1418,5,63649,32,0,0,0
1541378110.198237,0.0018398761749267578,660337912,2287038028,0,0,0,1,1,0,0,0,244,0,32,1378,5,63650,32,0,0,0
1541378110.280197,0.08195996284484863,660339290,2287038074,0,0,0,1,0,0,0,0,244,0,32,0,5,63712,32,0,0,0
1541378110.307518,0.02732110023498535,660339290,2287038074,0,0,0,1,0,0,0,0,244,0,44,0,5,63726,32,0,0,0
