timestamp,inter_arrival_time,seq,ack,flag_CWR,flag_ECE,flag_URG,flag_ACK,flag_PSH,flag_RST,flag_SYN,flag_FIN,window_size,urgent_pointer,tcp_header_size,tcp_payload_size,ip_header_size,ip_id,ip_tos,ip_df,ip_mf,ip_offset
1541380005.066329,nan,2297826294,4033252497,0,0,0,1,0,0,1,0,28960,0,40,0,5,0,32,1,0,0
1541380005.116336,0.05000710487365723,2297826295,4033252735,0,0,0,1,0,0,0,0,235,0,32,0,5,11143,32,1,0,0
1541380005.116656,0.0003199577331542969,2297826295,4033252735,0,0,0,1,0,0,0,0,235,0,32,1448,5,11144,32,1,0,0
1541380005.116658,1.9073486328125e-06,2297827743,4033252735,0,0,0,1,0,0,0,0,235,0,32,1448,5,11145,32,1,0,0
1541380005.116771,0.00011301040649414062,2297829191,4033252735,0,0,0,1,1,0,0,0,235,0,32,1200,5,11146,32,1,0,0
1541380005.119855,0.003083944320678711,2297830391,4033252735,0,0,0,1,0,0,0,0,235,0,32,1448,5,11147,32,1,0,0
1541380005.185857,0.06600213050842285,2297831839,4033252735,0,0,0,1,1,0,0,0,235,0,32,195,5,11148,32,1,0,0
1541380005.254163,0.06830596923828125,2297832034,4033252861,0,0,0,1,1,0,0,0,235,0,32,51,5,11149,32,1,0,0
1541380005.294664,0.04050087928771973,2297832085,4033252914,0,0,0,1,1,0,0,0,235,0,32,68,5,11150,32,1,0,0
1541380005.29802,0.0033559799194335938,2297832153,4033253006,0,0,0,1,0,0,0,0,235,0,32,0,5,11151,32,1,0,0
1541380005.298024,4.0531158447265625e-06,2297832153,4033253006,0,0,0,1,1,0,0,0,235,0,32,38,5,11152,32,1,0,0
1541380005.298026,2.1457672119140625e-06,2297832191,4033253325,0,0,0,1,0,0,0,0,243,0,32,0,5,11153,32,1,0,0
1541380005.298052,2.5987625122070312e-05,2297832191,4033253325,0,0,0,1,1,0,0,0,243,0,32,1053,5,11154,32,1,0,0
1541380005.298133,8.082389831542969e-05,2297833244,4033253325,0,0,0,1,1,0,0,0,243,0,32,1053,5,11155,32,1,0,0
1541380005.298989,0.0008561611175537109,2297834297,4033253325,0,0,0,1,0,0,0,0,243,0,32,1448,5,11156,32,1,0,0
1541380005.298991,1.9073486328125e-06,2297835745,4033253325,0,0,0,1,1,0,0,0,243,0,32,658,5,11157,32,1,0,0
1541380005.29933,0.0003390312194824219,2297836403,4033253325,0,0,0,1,0,0,0,0,243,0,32,1448,5,11158,32,1,0,0
1541380005.299333,3.0994415283203125e-06,2297837851,4033253325,0,0,0,1,0,0,0,0,243,0,32,1448,5,11159,32,1,0,0
1541380005.299703,0.00036978721618652344,2297839299,4033253325,0,0,0,1,1,0,0,0,243,0,32,1316,5,11160,32,1,0,0
1541380005.299705,2.1457672119140625e-06,2297840615,4033253325,0,0,0,1,0,0,0,0,243,0,32,1448,5,11161,32,1,0,0
1541380005.300502,0.0007970333099365234,2297842063,4033253325,0,0,0,1,0,0,0,0,243,0,32,1448,5,11162,32,1,0,0
1541380005.300516,1.3828277587890625e-05,2297843511,4033253325,0,0,0,1,0,0,0,0,243,0,32,1448,5,11163,32,1,0,0
1541380005.300667,0.00015115737915039062,2297844959,4033253325,0,0,0,1,0,0,0,0,243,0,32,1448,5,11164,32,1,0,0
1541380005.300911,0.00024390220642089844,2297846407,4033253325,0,0,0,1,0,0,0,0,243,0,32,1448,5,11165,32,1,0,0
1541380005.300996,8.511543273925781e-05,2297847855,4033253325,0,0,0,1,0,0,0,0,243,0,32,1448,5,11166,32,1,0,0
1541380005.301405,0.0004088878631591797,2297849303,4033253325,0,0,0,1,0,0,0,0,243,0,32,1448,5,11167,32,1,0,0
1541380005.343429,0.04202413558959961,2297850751,4033253325,0,0,0,1,0,0,0,0,243,0,32,1448,5,11168,32,1,0,0
1541380005.343778,0.00034880638122558594,2297852199,4033253325,0,0,0,1,0,0,0,0,243,0,32,1448,5,11169,32,1,0,0
1541380005.344028,0.00025010108947753906,2297853647,4033253325,0,0,0,1,0,0,0,0,243,0,32,1448,5,11170,32,1,0,0
1541380005.344029,9.5367431640625e-07,2297855095,4033253325,0,0,0,1,0,0,0,0,243,0,32,1448,5,11171,32,1,0,0
1541380005.34408,5.1021575927734375e-05,2297856543,4033253363,0,0,0,1,0,0,0,0,243,0,32,1448,5,11172,32,1,0,0
1541380005.344455,0.0003750324249267578,2297857991,4033253363,0,0,0,1,0,0,0,0,243,0,32,1448,5,11173,32,1,0,0
1541380005.344457,1.9073486328125e-06,2297859439,4033253363,0,0,0,1,0,0,0,0,243,0,32,1448,5,11174,32,1,0,0
1541380005.344821,0.00036406517028808594,2297860887,4033253363,0,0,0,1,0,0,0,0,243,0,32,1448,5,11175,32,1,0,0
1541380005.344823,1.9073486328125e-06,2297862335,4033253363,0,0,0,1,0,0,0,0,243,0,32,1448,5,11176,32,1,0,0
1541380005.344945,0.0001220703125,2297863783,4033253363,0,0,0,1,0,0,0,0,243,0,32,1448,5,11177,32,1,0,0
1541380005.346404,0.0014591217041015625,2297865231,4033253363,0,0,0,1,0,0,0,0,243,0,32,1448,5,11178,32,1,0,0
1541380005.346739,0.0003349781036376953,2297866679,4033253363,0,0,0,1,0,0,0,0,243,0,32,1448,5,11179,32,1,0,0
1541380005.346928,0.0001888275146484375,2297868127,4033253363,0,0,0,1,0,0,0,0,243,0,32,1448,5,11180,32,1,0,0
1541380005.347492,0.0005640983581542969,2297869575,4033253363,0,0,0,1,0,0,0,0,243,0,32,1448,5,11181,32,1,0,0
1541380005.347701,0.0002090930938720703,2297871023,4033253363,0,0,0,1,0,0,0,0,243,0,32,1448,5,11182,32,1,0,0
1541380005.347875,0.00017404556274414062,2297872471,4033253363,0,0,0,1,0,0,0,0,243,0,32,1448,5,11183,32,1,0,0
1541380005.347877,1.9073486328125e-06,2297873919,4033253363,0,0,0,1,0,0,0,0,243,0,32,1448,5,11184,32,1,0,0
1541380005.348201,0.00032401084899902344,2297875367,4033253363,0,0,0,1,0,0,0,0,243,0,32,1448,5,11185,32,1,0,0
1541380005.34839,0.00018906593322753906,2297876815,4033253363,0,0,0,1,0,0,0,0,243,0,32,1448,5,11186,32,1,0,0
1541380005.348392,1.9073486328125e-06,2297878263,4033253363,0,0,0,1,0,0,0,0,243,0,32,1448,5,11187,32,1,0,0
1541380005.348739,0.00034689903259277344,2297879711,4033253363,0,0,0,1,0,0,0,0,243,0,32,1448,5,11188,32,1,0,0
1541380005.348741,2.1457672119140625e-06,2297881159,4033253363,0,0,0,1,0,0,0,0,243,0,32,1448,5,11189,32,1,0,0
1541380005.34889,0.00014901161193847656,2297882607,4033253363,0,0,0,1,0,0,0,0,243,0,32,1448,5,11190,32,1,0,0
1541380005.34958,0.0006899833679199219,2297884055,4033253363,0,0,0,1,0,0,0,0,243,0,32,1448,5,11191,32,1,0,0
1541380005.349582,1.9073486328125e-06,2297885503,4033253363,0,0,0,1,0,0,0,0,243,0,32,1448,5,11192,32,1,0,0
1541380005.349595,1.3113021850585938e-05,2297886951,4033253363,0,0,0,1,0,0,0,0,243,0,32,1448,5,11193,32,1,0,0
1541380005.35007,0.0004749298095703125,2297888399,4033253363,0,0,0,1,0,0,0,0,243,0,32,1448,5,11194,32,1,0,0
1541380005.350072,1.9073486328125e-06,2297889847,4033253363,0,0,0,1,0,0,0,0,243,0,32,1448,5,11195,32,1,0,0
1541380005.350083,1.1205673217773438e-05,2297891295,4033253363,0,0,0,1,0,0,0,0,243,0,32,1448,5,11196,32,1,0,0
1541380005.35041,0.0003268718719482422,2297892743,4033253363,0,0,0,1,0,0,0,0,243,0,32,1448,5,11197,32,1,0,0
1541380005.350413,3.0994415283203125e-06,2297894191,4033253363,0,0,0,1,0,0,0,0,243,0,32,1448,5,11198,32,1,0,0
1541380005.350618,0.0002048015594482422,2297895639,4033253363,0,0,0,1,0,0,0,0,243,0,32,1448,5,11199,32,1,0,0
1541380005.389356,0.03873801231384277,2297897087,4033253363,0,0,0,1,0,0,0,0,243,0,32,1448,5,11200,32,1,0,0
1541380005.38936,4.0531158447265625e-06,2297898535,4033253363,0,0,0,1,1,0,0,0,243,0,32,713,5,11201,32,1,0,0
