timestamp,inter_arrival_time,seq,ack,flag_CWR,flag_ECE,flag_URG,flag_ACK,flag_PSH,flag_RST,flag_SYN,flag_FIN,window_size,urgent_pointer,tcp_header_size,tcp_payload_size,ip_header_size,ip_id,ip_tos,ip_df,ip_mf,ip_offset
1541380307.375676,nan,4029987187,1076756227,0,0,0,1,0,0,1,0,28960,0,40,0,5,0,32,1,0,0
1541380307.398908,0.023231983184814453,4029987188,1076756470,0,0,0,1,0,0,0,0,235,0,32,0,5,2786,32,1,0,0
1541380307.401385,0.0024771690368652344,4029987188,1076756470,0,0,0,1,0,0,0,0,235,0,32,1448,5,2787,32,1,0,0
1541380307.401409,2.384185791015625e-05,4029988636,1076756470,0,0,0,1,0,0,0,0,235,0,32,1448,5,2788,32,1,0,0
1541380307.401411,2.1457672119140625e-06,4029990084,1076756470,0,0,0,1,1,0,0,0,235,0,32,598,5,2789,32,1,0,0
1541380307.507251,0.10583996772766113,4029990682,1076756596,0,0,0,1,1,0,0,0,235,0,32,51,5,2790,32,1,0,0
1541380307.569236,0.061985015869140625,4029990733,1076756699,0,0,0,1,0,0,0,0,235,0,32,0,5,2791,32,1,0,0
1541380307.569238,1.9073486328125e-06,4029990733,1076756699,0,0,0,1,1,0,0,0,235,0,32,77,5,2792,32,1,0,0
1541380307.57984,0.010601997375488281,4029990810,1076757617,0,0,0,1,0,0,0,0,249,0,32,0,5,2793,32,1,0,0
1541380307.580192,0.0003521442413330078,4029990810,1076757617,0,0,0,1,1,0,0,0,249,0,32,1053,5,2794,32,1,0,0
1541380307.580441,0.00024890899658203125,4029991863,1076757617,0,0,0,1,1,0,0,0,249,0,32,1053,5,2795,32,1,0,0
1541380307.581113,0.0006721019744873047,4029992916,1076757617,0,0,0,1,0,0,0,0,249,0,32,1448,5,2796,32,1,0,0
1541380307.581115,1.9073486328125e-06,4029994364,1076757617,0,0,0,1,1,0,0,0,249,0,32,658,5,2797,32,1,0,0
1541380307.586669,0.0055539608001708984,4029995022,1076757617,0,0,0,1,0,0,0,0,249,0,32,1448,5,2798,32,1,0,0
1541380307.587005,0.00033593177795410156,4029996470,1076757617,0,0,0,1,0,0,0,0,249,0,32,1448,5,2799,32,1,0,0
1541380307.587007,2.1457672119140625e-06,4029997918,1076757617,0,0,0,1,0,0,0,0,249,0,32,1448,5,2800,32,1,0,0
1541380307.587095,8.797645568847656e-05,4029999366,1076757617,0,0,0,1,0,0,0,0,249,0,32,1448,5,2801,32,1,0,0
1541380307.587476,0.0003809928894042969,4030000814,1076757617,0,0,0,1,0,0,0,0,249,0,32,1448,5,2802,32,1,0,0
1541380307.587478,1.9073486328125e-06,4030002262,1076757617,0,0,0,1,1,0,0,0,249,0,32,1184,5,2803,32,1,0,0
1541380307.587819,0.00034117698669433594,4030003446,1076757617,0,0,0,1,0,0,0,0,249,0,32,1448,5,2804,32,1,0,0
1541380307.58782,9.5367431640625e-07,4030004894,1076757617,0,0,0,1,0,0,0,0,249,0,32,1448,5,2805,32,1,0,0
1541380307.5883,0.0004799365997314453,4030006342,1076757617,0,0,0,1,0,0,0,0,249,0,32,1448,5,2806,32,1,0,0
1541380307.588302,1.9073486328125e-06,4030007790,1076757617,0,0,0,1,0,0,0,0,249,0,32,1448,5,2807,32,1,0,0
1541380307.588315,1.3113021850585938e-05,4030009238,1076757617,0,0,0,1,0,0,0,0,249,0,32,1448,5,2808,32,1,0,0
1541380307.588809,0.0004940032958984375,4030010686,1076757782,0,0,0,1,0,0,0,0,249,0,32,0,5,2809,32,1,0,0
1541380307.596541,0.007731914520263672,4030010686,1076757782,0,0,0,1,0,0,0,0,249,0,32,1448,5,2810,32,1,0,0
1541380307.603771,0.007230043411254883,4030012134,1076757820,0,0,0,1,0,0,0,0,249,0,32,1448,5,2811,32,1,0,0
1541380307.604062,0.0002911090850830078,4030013582,1076757820,0,0,0,1,0,0,0,0,249,0,32,1448,5,2812,32,1,0,0
1541380307.604128,6.580352783203125e-05,4030015030,1076757820,0,0,0,1,0,0,0,0,249,0,32,1448,5,2813,32,1,0,0
1541380307.60423,0.00010204315185546875,4030016478,1076757820,0,0,0,1,0,0,0,0,249,0,32,1448,5,2814,32,1,0,0
1541380307.60465,0.0004200935363769531,4030017926,1076757820,0,0,0,1,0,0,0,0,249,0,32,1448,5,2815,32,1,0,0
1541380307.604911,0.00026106834411621094,4030019374,1076757820,0,0,0,1,0,0,0,0,249,0,32,1448,5,2816,32,1,0,0
1541380307.604912,9.5367431640625e-07,4030020822,1076757820,0,0,0,1,0,0,0,0,249,0,32,1448,5,2817,32,1,0,0
1541380307.604993,8.106231689453125e-05,4030022270,1076757820,0,0,0,1,0,0,0,0,249,0,32,1448,5,2818,32,1,0,0
1541380307.612939,0.007945775985717773,4030023718,1076757820,0,0,0,1,0,0,0,0,249,0,32,1448,5,2819,32,1,0,0
1541380307.613099,0.00016021728515625,4030025166,1076757820,0,0,0,1,0,0,0,0,249,0,32,1448,5,2820,32,1,0,0
1541380307.613428,0.00032901763916015625,4030026614,1076757820,0,0,0,1,0,0,0,0,249,0,32,1448,5,2821,32,1,0,0
1541380307.613642,0.00021386146545410156,4030028062,1076757820,0,0,0,1,0,0,0,0,249,0,32,1448,5,2822,32,1,0,0
1541380307.613644,1.9073486328125e-06,4030029510,1076757820,0,0,0,1,0,0,0,0,249,0,32,1448,5,2823,32,1,0,0
1541380307.614042,0.0003981590270996094,4030030958,1076757820,0,0,0,1,0,0,0,0,249,0,32,1448,5,2824,32,1,0,0
1541380307.614044,1.9073486328125e-06,4030032406,1076757820,0,0,0,1,0,0,0,0,249,0,32,1448,5,2825,32,1,0,0
1541380307.618843,0.0047991275787353516,4030033854,1076757820,0,0,0,1,0,0,0,0,249,0,32,1448,5,2826,32,1,0,0
1541380307.618845,1.9073486328125e-06,4030035302,1076757820,0,0,0,1,0,0,0,0,249,0,32,1448,5,2827,32,1,0,0
1541380307.619186,0.0003409385681152344,4030036750,1076757820,0,0,0,1,0,0,0,0,249,0,32,1448,5,2828,32,1,0,0
1541380307.619638,0.0004520416259765625,4030038198,1076757820,0,0,0,1,0,0,0,0,249,0,32,1448,5,2829,32,1,0,0
1541380307.619639,9.5367431640625e-07,4030039646,1076757820,0,0,0,1,0,0,0,0,249,0,32,1448,5,2830,32,1,0,0
1541380307.619688,4.9114227294921875e-05,4030041094,1076757820,0,0,0,1,0,0,0,0,249,0,32,1448,5,2831,32,1,0,0
1541380307.620104,0.00041604042053222656,4030042542,1076757820,0,0,0,1,0,0,0,0,249,0,32,1448,5,2832,32,1,0,0
1541380307.620106,1.9073486328125e-06,4030043990,1076757820,0,0,0,1,0,0,0,0,249,0,32,1448,5,2833,32,1,0,0
1541380307.620385,0.0002789497375488281,4030045438,1076757820,0,0,0,1,0,0,0,0,249,0,32,1448,5,2834,32,1,0,0
1541380307.620387,2.1457672119140625e-06,4030046886,1076757820,0,0,0,1,0,0,0,0,249,0,32,1448,5,2835,32,1,0,0
1541380307.620687,0.0002999305725097656,4030048334,1076757820,0,0,0,1,0,0,0,0,249,0,32,1448,5,2836,32,1,0,0
1541380307.621404,0.0007169246673583984,4030049782,1076757820,0,0,0,1,0,0,0,0,249,0,32,1448,5,2837,32,1,0,0
1541380307.621613,0.0002090930938720703,4030051230,1076757820,0,0,0,1,0,0,0,0,249,0,32,1448,5,2838,32,1,0,0
1541380307.621614,9.5367431640625e-07,4030052678,1076757820,0,0,0,1,0,0,0,0,249,0,32,1448,5,2839,32,1,0,0
1541380307.621658,4.410743713378906e-05,4030054126,1076757820,0,0,0,1,0,0,0,0,249,0,32,1448,5,2840,32,1,0,0
1541380307.624854,0.0031960010528564453,4030055574,1076757820,0,0,0,1,0,0,0,0,249,0,32,1448,5,2841,32,1,0,0
1541380307.625253,0.00039887428283691406,4030057022,1076757820,0,0,0,1,0,0,0,0,249,0,32,1448,5,2842,32,1,0,0
1541380307.62547,0.00021696090698242188,4030058470,1076757820,0,0,0,1,0,0,0,0,249,0,32,1448,5,2843,32,1,0,0
1541380307.625472,2.1457672119140625e-06,4030059918,1076757820,0,0,0,1,0,0,0,0,249,0,32,1448,5,2844,32,1,0,0
1541380307.625566,9.393692016601562e-05,4030061366,1076757820,0,0,0,1,0,0,0,0,249,0,32,1448,5,2845,32,1,0,0
1541380307.625936,0.000370025634765625,4030062814,1076757820,0,0,0,1,0,0,0,0,249,0,32,1448,5,2846,32,1,0,0
1541380307.62635,0.0004138946533203125,4030064262,1076757820,0,0,0,1,0,0,0,0,249,0,32,1448,5,2847,32,1,0,0
1541380307.626426,7.605552673339844e-05,4030065710,1076757820,0,0,0,1,0,0,0,0,249,0,32,1448,5,2848,32,1,0,0
1541380307.62691,0.0004839897155761719,4030067158,1076757820,0,0,0,1,0,0,0,0,249,0,32,1448,5,2849,32,1,0,0
1541380307.627284,0.00037407875061035156,4030068606,1076757820,0,0,0,1,0,0,0,0,249,0,32,1448,5,2850,32,1,0,0
1541380307.627285,9.5367431640625e-07,4030070054,1076757820,0,0,0,1,0,0,0,0,249,0,32,1448,5,2851,32,1,0,0
1541380307.62792,0.0006349086761474609,4030071502,1076757820,0,0,0,1,0,0,0,0,249,0,32,1448,5,2852,32,1,0,0
1541380307.628356,0.0004360675811767578,4030072950,1076757820,0,0,0,1,0,0,0,0,249,0,32,1448,5,2853,32,1,0,0
1541380307.628358,1.9073486328125e-06,4030074398,1076757820,0,0,0,1,0,0,0,0,249,0,32,1448,5,2854,32,1,0,0
1541380307.628448,9.012222290039062e-05,4030075846,1076757820,0,0,0,1,0,0,0,0,249,0,32,1448,5,2855,32,1,0,0
1541380307.628778,0.0003299713134765625,4030077294,1076757820,0,0,0,1,0,0,0,0,249,0,32,1448,5,2856,32,1,0,0
1541380307.628779,9.5367431640625e-07,4030078742,1076757820,0,0,0,1,0,0,0,0,249,0,32,1448,5,2857,32,1,0,0
1541380307.629312,0.0005331039428710938,4030080190,1076757820,0,0,0,1,0,0,0,0,249,0,32,1448,5,2858,32,1,0,0
1541380307.657712,0.028399944305419922,4030023718,1076757820,0,0,0,1,0,0,0,0,249,0,32,1448,5,2859,32,1,0,0
1541380307.667276,0.009563922882080078,4030081638,1076757820,0,0,0,1,0,0,0,0,249,0,32,1448,5,2860,32,1,0,0
1541380307.668329,0.0010530948638916016,4030083086,1076757820,0,0,0,1,0,0,0,0,249,0,32,1448,5,2861,32,1,0,0
1541380307.668331,1.9073486328125e-06,4030084534,1076757820,0,0,0,1,1,0,0,0,249,0,32,700,5,2862,32,1,0,0
1541380307.707942,0.039611101150512695,4030085234,1076757862,0,0,0,1,1,0,0,0,249,0,32,1053,5,2863,32,1,0,0
1541380307.707944,1.9073486328125e-06,4030086287,1076757862,0,0,0,1,1,0,0,0,249,0,32,1053,5,2864,32,1,0,0
1541380307.708306,0.00036215782165527344,4030087340,1076757862,0,0,0,1,1,0,0,0,249,0,32,515,5,2865,32,1,0,0
1541380308.700811,0.9925048351287842,4030087855,1076758781,0,0,0,1,0,0,0,0,262,0,32,0,5,2866,32,1,0,0
1541380308.700857,4.601478576660156e-05,4030087855,1076758781,0,0,0,1,1,0,0,0,262,0,32,770,5,2867,32,1,0,0
1541380308.700929,7.200241088867188e-05,4030088625,1076758781,0,0,0,1,1,0,0,0,262,0,32,1053,5,2868,32,1,0,0
1541380308.701307,0.0003781318664550781,4030089678,1076758781,0,0,0,1,1,0,0,0,262,0,32,1053,5,2869,32,1,0,0
1541380308.701552,0.0002448558807373047,4030090731,1076758781,0,0,0,1,0,0,0,0,262,0,32,1448,5,2870,32,1,0,0
1541380308.701554,2.1457672119140625e-06,4030092179,1076758781,0,0,0,1,1,0,0,0,262,0,32,658,5,2871,32,1,0,0
1541380308.701604,4.982948303222656e-05,4030092837,1076758781,0,0,0,1,0,0,0,0,262,0,32,1448,5,2872,32,1,0,0
1541380308.702011,0.00040721893310546875,4030094285,1076758781,0,0,0,1,0,0,0,0,262,0,32,1448,5,2873,32,1,0,0
1541380308.702225,0.00021386146545410156,4030095733,1076758781,0,0,0,1,0,0,0,0,262,0,32,1448,5,2874,32,1,0,0
1541380308.704507,0.0022821426391601562,4030097181,1076758781,0,0,0,1,1,0,0,0,262,0,32,921,5,2875,32,1,0,0
1541380308.704521,1.3828277587890625e-05,4030098102,1076758781,0,0,0,1,0,0,0,0,262,0,32,1448,5,2876,32,1,0,0
1541380308.704971,0.00045013427734375,4030099550,1076758781,0,0,0,1,0,0,0,0,262,0,32,1448,5,2877,32,1,0,0
1541380308.704973,1.9073486328125e-06,4030100998,1076758781,0,0,0,1,0,0,0,0,262,0,32,1448,5,2878,32,1,0,0
1541380308.704975,1.9073486328125e-06,4030102446,1076758781,0,0,0,1,0,0,0,0,262,0,32,1448,5,2879,32,1,0,0
1541380308.705195,0.0002200603485107422,4030103894,1076758781,0,0,0,1,0,0,0,0,262,0,32,1448,5,2880,32,1,0,0
1541380308.705299,0.00010395050048828125,4030105342,1076758781,0,0,0,1,0,0,0,0,262,0,32,1448,5,2881,32,1,0,0
1541380308.705487,0.0001881122589111328,4030106790,1076758781,0,0,0,1,0,0,0,0,262,0,32,1448,5,2882,32,1,0,0
1541380308.705684,0.00019693374633789062,4030108238,1076758781,0,0,0,1,0,0,0,0,262,0,32,1448,5,2883,32,1,0,0
1541380308.706027,0.00034308433532714844,4030109686,1076758781,0,0,0,1,0,0,0,0,262,0,32,1448,5,2884,32,1,0,0
1541380308.706278,0.0002510547637939453,4030111134,1076758781,0,0,0,1,0,0,0,0,262,0,32,1448,5,2885,32,1,0,0
1541380308.706566,0.0002880096435546875,4030112582,1076758781,0,0,0,1,0,0,0,0,262,0,32,1448,5,2886,32,1,0,0
1541380308.706568,1.9073486328125e-06,4030114030,1076758781,0,0,0,1,1,0,0,0,262,0,32,130,5,2887,32,1,0,0
1541380308.706569,9.5367431640625e-07,4030114160,1076758781,0,0,0,1,0,0,0,0,262,0,32,1448,5,2888,32,1,0,0
1541380308.706658,8.893013000488281e-05,4030115608,1076758781,0,0,0,1,1,0,0,0,262,0,32,658,5,2889,32,1,0,0
1541380308.706996,0.0003380775451660156,4030116266,1076758781,0,0,0,1,0,0,0,0,262,0,32,1448,5,2890,32,1,0,0
1541380308.707319,0.0003230571746826172,4030117714,1076758781,0,0,0,1,0,0,0,0,262,0,32,1448,5,2891,32,1,0,0
1541380308.707321,1.9073486328125e-06,4030119162,1076758781,0,0,0,1,0,0,0,0,262,0,32,1448,5,2892,32,1,0,0
1541380308.707391,7.009506225585938e-05,4030120610,1076758781,0,0,0,1,0,0,0,0,262,0,32,1448,5,2893,32,1,0,0
1541380308.707784,0.000392913818359375,4030122058,1076758781,0,0,0,1,0,0,0,0,262,0,32,1448,5,2894,32,1,0,0
1541380308.707785,9.5367431640625e-07,4030123506,1076758781,0,0,0,1,0,0,0,0,262,0,32,1448,5,2895,32,1,0,0
1541380308.70788,9.512901306152344e-05,4030124954,1076758781,0,0,0,1,0,0,0,0,262,0,32,1448,5,2896,32,1,0,0
1541380308.708649,0.0007688999176025391,4030126402,1076758781,0,0,0,1,0,0,0,0,262,0,32,1448,5,2897,32,1,0,0
1541380308.709065,0.00041604042053222656,4030127850,1076758781,0,0,0,1,0,0,0,0,262,0,32,1448,5,2898,32,1,0,0
1541380308.709067,2.1457672119140625e-06,4030129298,1076758781,0,0,0,1,0,0,0,0,262,0,32,1448,5,2899,32,1,0,0
1541380308.709316,0.00024890899658203125,4030130746,1076758781,0,0,0,1,0,0,0,0,262,0,32,1448,5,2900,32,1,0,0
1541380308.709317,9.5367431640625e-07,4030132194,1076758781,0,0,0,1,0,0,0,0,262,0,32,1448,5,2901,32,1,0,0
1541380308.70969,0.0003731250762939453,4030133642,1076758781,0,0,0,1,0,0,0,0,262,0,32,1448,5,2902,32,1,0,0
1541380308.709939,0.00024890899658203125,4030135090,1076758781,0,0,0,1,0,0,0,0,262,0,32,1448,5,2903,32,1,0,0
1541380308.726486,0.016546964645385742,4030136538,1076758781,0,0,0,1,0,0,0,0,262,0,32,1448,5,2904,32,1,0,0
1541380308.72664,0.00015401840209960938,4030137986,1076758781,0,0,0,1,0,0,0,0,262,0,32,1448,5,2905,32,1,0,0
1541380308.72677,0.00012993812561035156,4030139434,1076758781,0,0,0,1,0,0,0,0,262,0,32,1448,5,2906,32,1,0,0
1541380308.726872,0.00010204315185546875,4030140882,1076758781,0,0,0,1,0,0,0,0,262,0,32,1448,5,2907,32,1,0,0
1541380308.727271,0.0003991127014160156,4030142330,1076758781,0,0,0,1,0,0,0,0,262,0,32,1448,5,2908,32,1,0,0
1541380308.728776,0.0015048980712890625,4030143778,1076758781,0,0,0,1,0,0,0,0,262,0,32,1448,5,2909,32,1,0,0
1541380308.729136,0.0003600120544433594,4030145226,1076758823,0,0,0,1,0,0,0,0,262,0,32,1448,5,2910,32,1,0,0
1541380308.729138,1.9073486328125e-06,4030146674,1076758823,0,0,0,1,1,0,0,0,262,0,32,1121,5,2911,32,1,0,0
1541380308.964504,0.2353661060333252,4030147795,1076758920,0,0,0,1,1,0,0,0,262,0,32,874,5,2912,32,1,0,0
1541380308.990386,0.02588200569152832,4030148669,1076759002,0,0,0,1,1,0,0,0,262,0,32,1053,5,2913,32,1,0,0
1541380308.990436,5.0067901611328125e-05,4030149722,1076759002,0,0,0,1,1,0,0,0,262,0,32,1053,5,2914,32,1,0,0
1541380308.99069,0.00025391578674316406,4030150775,1076759002,0,0,0,1,0,0,0,0,262,0,32,1448,5,2915,32,1,0,0
1541380308.990692,1.9073486328125e-06,4030152223,1076759002,0,0,0,1,1,0,0,0,262,0,32,480,5,2916,32,1,0,0
