timestamp,inter_arrival_time,seq,ack,flag_CWR,flag_ECE,flag_URG,flag_ACK,flag_PSH,flag_RST,flag_SYN,flag_FIN,window_size,urgent_pointer,tcp_header_size,tcp_payload_size,ip_header_size,ip_id,ip_tos,ip_df,ip_mf,ip_offset
1541380307.351428,nan,2857575970,3481311359,0,0,0,1,0,0,1,0,60192,0,40,0,5,8091,32,0,0,0
1541380307.408101,0.05667304992675781,2857575971,3481311610,0,0,0,1,0,0,0,0,240,0,32,0,5,8120,32,0,0,0
1541380307.40845,0.00034880638122558594,2857575971,3481311610,0,0,0,1,0,0,0,0,240,0,32,1418,5,8121,32,0,0,0
1541380307.408622,0.00017213821411132812,2857577389,3481311610,0,0,0,1,1,0,0,0,240,0,32,1381,5,8122,32,0,0,0
1541380307.537042,0.1284198760986328,2857578770,3481311703,0,0,0,1,1,0,0,0,240,0,32,51,5,8245,32,0,0,0
1541380307.537045,3.0994415283203125e-06,2857578821,3481311703,0,0,0,1,1,0,0,0,240,0,32,69,5,8246,32,0,0,0
1541380307.806623,0.2695779800415039,2857578890,3481311848,0,0,0,1,0,0,0,0,240,0,32,0,5,8377,32,0,0,0
1541380307.806624,9.5367431640625e-07,2857578890,3481311848,0,0,0,1,1,0,0,0,240,0,32,38,5,8378,32,0,0,0
1541380307.810761,0.0041370391845703125,2857578928,3481312107,0,0,0,1,0,0,0,0,244,0,32,0,5,8382,32,0,0,0
1541380307.814434,0.003673076629638672,2857578928,3481312107,0,0,0,1,1,0,0,0,244,0,32,299,5,8383,32,0,0,0
1541380307.814468,3.3855438232421875e-05,2857579227,3481312107,0,0,0,1,1,0,0,0,244,0,32,1418,5,8384,32,0,0,0
1541380307.82002,0.005552053451538086,2857580645,3481312107,0,0,0,1,1,0,0,0,244,0,32,1418,5,8385,32,0,0,0
1541380307.820779,0.000759124755859375,2857582063,3481312107,0,0,0,1,0,0,0,0,244,0,32,1418,5,8386,32,0,0,0
1541380307.821032,0.0002529621124267578,2857583481,3481312107,0,0,0,1,1,0,0,0,244,0,32,1418,5,8387,32,0,0,0
1541380307.821034,1.9073486328125e-06,2857584899,3481312107,0,0,0,1,0,0,0,0,244,0,32,1418,5,8388,32,0,0,0
1541380307.821046,1.2159347534179688e-05,2857586317,3481312107,0,0,0,1,0,0,0,0,244,0,32,1418,5,8389,32,0,0,0
1541380307.825375,0.00432896614074707,2857587735,3481312107,0,0,0,1,0,0,0,0,244,0,32,1418,5,8393,32,0,0,0
1541380307.825671,0.00029587745666503906,2857589153,3481312107,0,0,0,1,0,0,0,0,244,0,32,1418,5,8394,32,0,0,0
1541380307.828598,0.002927064895629883,2857590571,3481312107,0,0,0,1,0,0,0,0,244,0,32,1418,5,8396,32,0,0,0
1541380307.828759,0.0001609325408935547,2857591989,3481312107,0,0,0,1,0,0,0,0,244,0,32,1418,5,8397,32,0,0,0
1541380307.830571,0.001811981201171875,2857593407,3481312107,0,0,0,1,0,0,0,0,244,0,32,1418,5,8399,32,0,0,0
1541380307.831339,0.0007679462432861328,2857594825,3481312107,0,0,0,1,0,0,0,0,244,0,32,1418,5,8400,32,0,0,0
1541380307.858576,0.0272371768951416,2857596243,3481312107,0,0,0,1,0,0,0,0,244,0,32,1418,5,8413,32,0,0,0
1541380307.858578,1.9073486328125e-06,2857597661,3481312107,0,0,0,1,0,0,0,0,244,0,32,1418,5,8414,32,0,0,0
1541380307.863068,0.0044901371002197266,2857599079,3481312107,0,0,0,1,0,0,0,0,244,0,32,1418,5,8418,32,0,0,0
1541380307.863661,0.0005929470062255859,2857600497,3481312107,0,0,0,1,0,0,0,0,244,0,32,1418,5,8419,32,0,0,0
1541380307.868282,0.004621028900146484,2857601915,3481312107,0,0,0,1,0,0,0,0,244,0,32,1418,5,8420,32,0,0,0
1541380307.868284,1.9073486328125e-06,2857603333,3481312107,0,0,0,1,0,0,0,0,244,0,32,1418,5,8421,32,0,0,0
1541380307.871859,0.0035750865936279297,2857604751,3481312107,0,0,0,1,0,0,0,0,244,0,32,1418,5,8422,32,0,0,0
1541380307.872045,0.00018596649169921875,2857606169,3481312107,0,0,0,1,0,0,0,0,244,0,32,1418,5,8423,32,0,0,0
1541380307.880712,0.0086669921875,2857607587,3481312107,0,0,0,1,0,0,0,0,244,0,32,1418,5,8438,32,0,0,0
1541380307.881024,0.00031185150146484375,2857609005,3481312107,0,0,0,1,0,0,0,0,244,0,32,1418,5,8439,32,0,0,0
1541380307.881966,0.000942230224609375,2857610423,3481312107,0,0,0,1,0,0,0,0,244,0,32,1418,5,8440,32,0,0,0
1541380307.882317,0.0003509521484375,2857611841,3481312107,0,0,0,1,0,0,0,0,244,0,32,1418,5,8441,32,0,0,0
1541380307.890207,0.007889986038208008,2857613259,3481312107,0,0,0,1,0,0,0,0,244,0,32,1418,5,8442,32,0,0,0
1541380307.890384,0.00017690658569335938,2857614677,3481312107,0,0,0,1,0,0,0,0,244,0,32,1418,5,8443,32,0,0,0
1541380307.890894,0.0005099773406982422,2857616095,3481312107,0,0,0,1,0,0,0,0,244,0,32,1418,5,8445,32,0,0,0
1541380307.891262,0.0003681182861328125,2857617513,3481312107,0,0,0,1,0,0,0,0,244,0,32,1418,5,8446,32,0,0,0
1541380307.893108,0.0018458366394042969,2857618931,3481312107,0,0,0,1,0,0,0,0,244,0,32,1418,5,8447,32,0,0,0
1541380307.893287,0.00017905235290527344,2857620349,3481312107,0,0,0,1,0,0,0,0,244,0,32,1418,5,8448,32,0,0,0
1541380307.89636,0.003072977066040039,2857621767,3481312107,0,0,0,1,0,0,0,0,244,0,32,1418,5,8451,32,0,0,0
1541380307.896546,0.00018596649169921875,2857623185,3481312107,0,0,0,1,0,0,0,0,244,0,32,1418,5,8452,32,0,0,0
1541380307.90302,0.006474018096923828,2857624603,3481312107,0,0,0,1,0,0,0,0,244,0,32,1418,5,8454,32,0,0,0
1541380307.903221,0.0002009868621826172,2857626021,3481312107,0,0,0,1,0,0,0,0,244,0,32,1418,5,8455,32,0,0,0
1541380307.903972,0.0007510185241699219,2857627439,3481312107,0,0,0,1,0,0,0,0,244,0,32,1418,5,8458,32,0,0,0
1541380307.904324,0.0003521442413330078,2857628857,3481312107,0,0,0,1,0,0,0,0,244,0,32,1418,5,8459,32,0,0,0
1541380307.908295,0.0039708614349365234,2857630275,3481312107,0,0,0,1,0,0,0,0,244,0,32,1418,5,8462,32,0,0,0
1541380307.908598,0.00030303001403808594,2857631693,3481312107,0,0,0,1,0,0,0,0,244,0,32,1418,5,8463,32,0,0,0
1541380307.911473,0.002875089645385742,2857633111,3481312107,0,0,0,1,0,0,0,0,244,0,32,1418,5,8466,32,0,0,0
1541380307.911569,9.608268737792969e-05,2857634529,3481312107,0,0,0,1,0,0,0,0,244,0,32,1418,5,8467,32,0,0,0
1541380307.916815,0.00524592399597168,2857635947,3481312107,0,0,0,1,0,0,0,0,244,0,32,1418,5,8471,32,0,0,0
1541380307.916977,0.00016188621520996094,2857637365,3481312107,0,0,0,1,0,0,0,0,244,0,32,1418,5,8472,32,0,0,0
1541380307.920326,0.0033490657806396484,2857638783,3481312107,0,0,0,1,0,0,0,0,244,0,32,1418,5,8473,32,0,0,0
1541380307.920702,0.00037598609924316406,2857640201,3481312107,0,0,0,1,0,0,0,0,244,0,32,1418,5,8474,32,0,0,0
1541380307.921078,0.00037598609924316406,2857641619,3481312107,0,0,0,1,0,0,0,0,244,0,32,1418,5,8475,32,0,0,0
1541380307.921408,0.0003299713134765625,2857643037,3481312107,0,0,0,1,0,0,0,0,244,0,32,1418,5,8476,32,0,0,0
1541380307.921656,0.000247955322265625,2857644455,3481312107,0,0,0,1,1,0,0,0,244,0,32,603,5,8479,32,0,0,0
1541380308.033439,0.11178302764892578,2857645058,3481312153,0,0,0,1,0,0,0,0,244,0,32,0,5,8524,32,0,0,0
1541380310.731544,2.6981050968170166,2857645058,3481313521,0,0,0,1,0,0,0,0,255,0,32,0,5,10768,32,0,0,0
1541380310.731548,4.0531158447265625e-06,2857645058,3481313772,0,0,0,1,0,0,0,0,265,0,32,0,5,10769,32,0,0,0
1541380310.73155,1.9073486328125e-06,2857645058,3481313849,0,0,0,1,0,0,0,0,265,0,32,0,5,10770,32,0,0,0
1541380310.733729,0.0021789073944091797,2857645058,3481313849,0,0,0,1,1,0,0,0,265,0,32,108,5,10773,32,0,0,0
1541380310.733742,1.3113021850585938e-05,2857645166,3481313849,0,0,0,1,1,0,0,0,265,0,32,1418,5,10774,32,0,0,0
1541380310.734788,0.0010459423065185547,2857646584,3481313849,0,0,0,1,1,0,0,0,265,0,32,1418,5,10775,32,0,0,0
1541380310.735135,0.000347137451171875,2857648002,3481313849,0,0,0,1,0,0,0,0,265,0,32,1418,5,10776,32,0,0,0
1541380310.736926,0.0017910003662109375,2857649420,3481313849,0,0,0,1,1,0,0,0,265,0,32,1418,5,10777,32,0,0,0
1541380310.737303,0.0003769397735595703,2857650838,3481313849,0,0,0,1,0,0,0,0,265,0,32,1418,5,10778,32,0,0,0
1541380310.737637,0.00033402442932128906,2857652256,3481313849,0,0,0,1,0,0,0,0,265,0,32,1418,5,10779,32,0,0,0
1541380310.737993,0.0003559589385986328,2857653674,3481313849,0,0,0,1,0,0,0,0,265,0,32,1418,5,10780,32,0,0,0
1541380310.740133,0.002140045166015625,2857655092,3481313849,0,0,0,1,0,0,0,0,265,0,32,1418,5,10781,32,0,0,0
1541380310.740319,0.00018596649169921875,2857656510,3481313849,0,0,0,1,0,0,0,0,265,0,32,1418,5,10783,32,0,0,0
1541380310.742294,0.0019750595092773438,2857657928,3481313849,0,0,0,1,0,0,0,0,265,0,32,1418,5,10784,32,0,0,0
1541380310.742616,0.0003218650817871094,2857659346,3481313849,0,0,0,1,0,0,0,0,265,0,32,1418,5,10785,32,0,0,0
1541380310.742962,0.0003459453582763672,2857660764,3481313849,0,0,0,1,0,0,0,0,265,0,32,1418,5,10786,32,0,0,0
1541380310.745791,0.0028290748596191406,2857662182,3481313849,0,0,0,1,0,0,0,0,265,0,32,1418,5,10787,32,0,0,0
1541380310.745794,3.0994415283203125e-06,2857663600,3481313849,0,0,0,1,0,0,0,0,265,0,32,1418,5,10788,32,0,0,0
1541380310.746075,0.0002808570861816406,2857665018,3481313849,0,0,0,1,0,0,0,0,265,0,32,1418,5,10789,32,0,0,0
1541380310.746316,0.0002410411834716797,2857666436,3481313849,0,0,0,1,0,0,0,0,265,0,32,1418,5,10790,32,0,0,0
1541380310.751537,0.005221128463745117,2857667854,3481313849,0,0,0,1,1,0,0,0,265,0,32,1398,5,10791,32,0,0,0
1541380310.885582,0.13404488563537598,2857669252,3481313895,0,0,0,1,0,0,0,0,265,0,32,0,5,10801,32,0,0,0
1541380311.10166,0.2160780429840088,2857669252,3481313895,0,0,0,1,1,0,0,0,265,0,32,586,5,10937,32,0,0,0
1541380311.101781,0.00012087821960449219,2857669838,3481313895,0,0,0,1,1,0,0,0,265,0,32,1418,5,10938,32,0,0,0
1541380311.102396,0.0006151199340820312,2857671256,3481313895,0,0,0,1,1,0,0,0,265,0,32,1418,5,10939,32,0,0,0
1541380311.102634,0.00023794174194335938,2857672674,3481313895,0,0,0,1,0,0,0,0,265,0,32,1418,5,10940,32,0,0,0
1541380311.105545,0.002911090850830078,2857674092,3481313895,0,0,0,1,1,0,0,0,265,0,32,1418,5,10941,32,0,0,0
1541380311.105548,2.86102294921875e-06,2857675510,3481313895,0,0,0,1,1,0,0,0,265,0,32,960,5,10943,32,0,0,0
1541380311.161596,0.05604815483093262,2857676470,3481313941,0,0,0,1,0,0,0,0,265,0,32,0,5,10947,32,0,0,0
1541380311.315842,0.15424585342407227,2857676470,3481314429,0,0,0,1,0,0,0,0,276,0,32,0,5,11059,32,0,0,0
1541380311.315846,4.0531158447265625e-06,2857676470,3481314429,0,0,0,1,1,0,0,0,276,0,32,200,5,11067,32,0,0,0
1541380311.315848,2.1457672119140625e-06,2857676670,3481314429,0,0,0,1,1,0,0,0,276,0,32,38,5,11068,32,0,0,0
1541380311.31585,1.9073486328125e-06,2857676708,3481314429,0,0,0,1,1,0,0,0,276,0,32,46,5,11069,32,0,0,0
1541380311.497571,0.18172097206115723,2857676754,3481314475,0,0,0,1,0,0,0,0,276,0,32,0,5,11172,32,0,0,0
1541380311.855259,0.35768795013427734,2857676754,3481314951,0,0,0,1,0,0,0,0,287,0,32,0,5,11340,32,0,0,0
1541380311.876275,0.02101612091064453,2857676754,3481314951,0,0,0,1,1,0,0,0,287,0,32,161,5,11347,32,0,0,0
1541380311.876278,2.86102294921875e-06,2857676915,3481314951,0,0,0,1,1,0,0,0,287,0,32,38,5,11348,32,0,0,0
1541380311.87628,2.1457672119140625e-06,2857676953,3481314951,0,0,0,1,1,0,0,0,287,0,32,46,5,11349,32,0,0,0
1541380311.920744,0.0444638729095459,2857676999,3481315429,0,0,0,1,0,0,0,0,297,0,32,0,5,11377,32,0,0,0
1541380311.946914,0.026170015335083008,2857676999,3481315429,0,0,0,1,1,0,0,0,297,0,32,178,5,11386,32,0,0,0
1541380312.038497,0.0915830135345459,2857677177,3481315475,0,0,0,1,0,0,0,0,297,0,32,0,5,11420,32,0,0,0
