timestamp,inter_arrival_time,seq,ack,flag_CWR,flag_ECE,flag_URG,flag_ACK,flag_PSH,flag_RST,flag_SYN,flag_FIN,window_size,urgent_pointer,tcp_header_size,tcp_payload_size,ip_header_size,ip_id,ip_tos,ip_df,ip_mf,ip_offset
1541379712.378277,nan,3612763663,204778949,0,0,0,1,0,0,1,0,26847,0,40,0,5,0,32,1,0,0
1541379712.476339,0.09806203842163086,3612763664,204779185,0,0,0,1,0,0,0,0,110,0,32,0,5,56867,32,1,0,0
1541379712.477468,0.0011289119720458984,3612763664,204779185,0,0,0,1,0,0,0,0,110,0,32,1448,5,56868,32,1,0,0
1541379712.477647,0.00017905235290527344,3612765112,204779185,0,0,0,1,0,0,0,0,110,0,32,1448,5,56869,32,1,0,0
1541379712.477697,4.982948303222656e-05,3612766560,204779185,0,0,0,1,1,0,0,0,110,0,32,739,5,56870,32,1,0,0
1541379712.600826,0.12312912940979004,3612767299,204779311,0,0,0,1,1,0,0,0,110,0,32,51,5,56871,32,1,0,0
1541379712.753452,0.15262603759765625,3612767350,204779851,0,0,0,1,0,0,0,0,114,0,32,0,5,56872,32,1,0,0
1541379712.841415,0.08796286582946777,3612767350,204779851,0,0,0,1,0,0,0,0,114,0,32,1448,5,56873,32,1,0,0
1541379712.841418,3.0994415283203125e-06,3612768798,204779851,0,0,0,1,1,0,0,0,114,0,32,415,5,56874,32,1,0,0
1541379712.841645,0.0002269744873046875,3612769213,204779851,0,0,0,1,0,0,0,0,114,0,32,1448,5,56875,32,1,0,0
1541379712.841707,6.198883056640625e-05,3612770661,204779851,0,0,0,1,0,0,0,0,114,0,32,1448,5,56876,32,1,0,0
1541379712.84407,0.002362966537475586,3612772109,204779851,0,0,0,1,0,0,0,0,114,0,32,1448,5,56877,32,1,0,0
1541379712.844233,0.00016307830810546875,3612773557,204779851,0,0,0,1,0,0,0,0,114,0,32,1448,5,56878,32,1,0,0
1541379712.844588,0.00035500526428222656,3612775005,204779851,0,0,0,1,0,0,0,0,114,0,32,1448,5,56879,32,1,0,0
1541379712.84459,1.9073486328125e-06,3612776453,204779851,0,0,0,1,1,0,0,0,114,0,32,983,5,56880,32,1,0,0
1541379712.844718,0.00012803077697753906,3612777436,204779851,0,0,0,1,0,0,0,0,114,0,32,1448,5,56881,32,1,0,0
1541379712.844818,0.00010013580322265625,3612778884,204779851,0,0,0,1,0,0,0,0,114,0,32,1448,5,56882,32,1,0,0
1541379712.924187,0.07936882972717285,3612780332,204779851,0,0,0,1,0,0,0,0,114,0,32,1448,5,56883,32,1,0,0
1541379712.924365,0.0001780986785888672,3612781780,204779851,0,0,0,1,0,0,0,0,114,0,32,1448,5,56884,32,1,0,0
1541379712.924432,6.699562072753906e-05,3612783228,204779851,0,0,0,1,0,0,0,0,114,0,32,1448,5,56885,32,1,0,0
1541379712.924852,0.00041985511779785156,3612784676,204779851,0,0,0,1,0,0,0,0,114,0,32,1448,5,56886,32,1,0,0
1541379712.924854,2.1457672119140625e-06,3612786124,204779851,0,0,0,1,0,0,0,0,114,0,32,1448,5,56887,32,1,0,0
1541379712.925212,0.0003578662872314453,3612787572,204779851,0,0,0,1,0,0,0,0,114,0,32,1448,5,56888,32,1,0,0
1541379712.925215,3.0994415283203125e-06,3612789020,204779851,0,0,0,1,0,0,0,0,114,0,32,1448,5,56889,32,1,0,0
1541379712.925572,0.00035691261291503906,3612790468,204779851,0,0,0,1,0,0,0,0,114,0,32,1448,5,56890,32,1,0,0
1541379712.929458,0.003885984420776367,3612791916,204779851,0,0,0,1,0,0,0,0,114,0,32,1448,5,56891,32,1,0,0
1541379712.929651,0.00019311904907226562,3612793364,204779851,0,0,0,1,0,0,0,0,114,0,32,1448,5,56892,32,1,0,0
1541379712.929968,0.0003170967102050781,3612794812,204779851,0,0,0,1,0,0,0,0,114,0,32,1448,5,56893,32,1,0,0
1541379712.930155,0.000186920166015625,3612796260,204779851,0,0,0,1,0,0,0,0,114,0,32,1448,5,56894,32,1,0,0
1541379712.930157,1.9073486328125e-06,3612797708,204779851,0,0,0,1,0,0,0,0,114,0,32,1448,5,56895,32,1,0,0
1541379712.930607,0.00045013427734375,3612799156,204779851,0,0,0,1,0,0,0,0,114,0,32,1448,5,56896,32,1,0,0
1541379712.930608,9.5367431640625e-07,3612800604,204779851,0,0,0,1,0,0,0,0,114,0,32,1448,5,56897,32,1,0,0
1541379712.936015,0.005406856536865234,3612802052,204779851,0,0,0,1,0,0,0,0,114,0,32,1448,5,56898,32,1,0,0
1541379712.936017,2.1457672119140625e-06,3612803500,204779851,0,0,0,1,0,0,0,0,114,0,32,1448,5,56899,32,1,0,0
1541379712.936019,1.9073486328125e-06,3612804948,204779851,0,0,0,1,0,0,0,0,114,0,32,1448,5,56900,32,1,0,0
1541379712.93602,9.5367431640625e-07,3612806396,204779851,0,0,0,1,1,0,0,0,114,0,32,1448,5,56901,32,1,0,0
1541379712.936021,1.1920928955078125e-06,3612807844,204779851,0,0,0,1,0,0,0,0,114,0,32,1448,5,56902,32,1,0,0
1541379713.015987,0.07996582984924316,3612809292,204779851,0,0,0,1,0,0,0,0,114,0,32,1448,5,56903,32,1,0,0
1541379713.016249,0.0002620220184326172,3612810740,204779851,0,0,0,1,0,0,0,0,114,0,32,1448,5,56904,32,1,0,0
1541379713.016252,3.0994415283203125e-06,3612812188,204779851,0,0,0,1,0,0,0,0,114,0,32,1448,5,56905,32,1,0,0
1541379713.016369,0.00011706352233886719,3612813636,204779851,0,0,0,1,0,0,0,0,114,0,32,1448,5,56906,32,1,0,0
1541379713.016766,0.00039696693420410156,3612815084,204779851,0,0,0,1,0,0,0,0,114,0,32,1448,5,56907,32,1,0,0
1541379713.016972,0.00020599365234375,3612816532,204779851,0,0,0,1,0,0,0,0,114,0,32,1448,5,56908,32,1,0,0
1541379713.016974,1.9073486328125e-06,3612817980,204779851,0,0,0,1,0,0,0,0,114,0,32,1448,5,56909,32,1,0,0
1541379713.019795,0.0028209686279296875,3612819428,204779851,0,0,0,1,0,0,0,0,114,0,32,1448,5,56910,32,1,0,0
1541379713.019908,0.00011301040649414062,3612820876,204779851,0,0,0,1,0,0,0,0,114,0,32,1448,5,56911,32,1,0,0
1541379713.020223,0.00031495094299316406,3612822324,204779851,0,0,0,1,0,0,0,0,114,0,32,1448,5,56912,32,1,0,0
1541379713.020425,0.000202178955078125,3612823772,204779851,0,0,0,1,0,0,0,0,114,0,32,1448,5,56913,32,1,0,0
1541379713.020428,2.86102294921875e-06,3612825220,204779851,0,0,0,1,0,0,0,0,114,0,32,1448,5,56914,32,1,0,0
1541379713.020768,0.0003399848937988281,3612826668,204779851,0,0,0,1,0,0,0,0,114,0,32,1448,5,56915,32,1,0,0
1541379713.02077,2.1457672119140625e-06,3612828116,204779851,0,0,0,1,0,0,0,0,114,0,32,1448,5,56916,32,1,0,0
1541379713.02121,0.0004398822784423828,3612829564,204779851,0,0,0,1,0,0,0,0,114,0,32,1448,5,56917,32,1,0,0
1541379713.021212,2.1457672119140625e-06,3612831012,204779851,0,0,0,1,0,0,0,0,114,0,32,1448,5,56918,32,1,0,0
1541379713.021214,1.9073486328125e-06,3612832460,204779851,0,0,0,1,0,0,0,0,114,0,32,1448,5,56919,32,1,0,0
1541379713.021767,0.0005528926849365234,3612833908,204779851,0,0,0,1,0,0,0,0,114,0,32,1448,5,56920,32,1,0,0
1541379713.021769,2.1457672119140625e-06,3612835356,204779851,0,0,0,1,0,0,0,0,114,0,32,1448,5,56921,32,1,0,0
1541379713.022244,0.0004749298095703125,3612836804,204779851,0,0,0,1,1,0,0,0,114,0,32,1448,5,56922,32,1,0,0
1541379713.022246,1.9073486328125e-06,3612838252,204779851,0,0,0,1,0,0,0,0,114,0,32,1448,5,56923,32,1,0,0
1541379713.02227,2.4080276489257812e-05,3612839700,204779851,0,0,0,1,0,0,0,0,114,0,32,1448,5,56924,32,1,0,0
1541379713.022427,0.0001571178436279297,3612841148,204779851,0,0,0,1,1,0,0,0,114,0,32,1150,5,56925,32,1,0,0
1541379713.418115,0.3956878185272217,3612842298,204781089,0,0,0,1,0,0,0,0,123,0,32,0,5,56926,32,1,0,0
1541379713.456831,0.03871607780456543,3612842298,204781089,0,0,0,1,1,0,0,0,123,0,32,1245,5,56927,32,1,0,0
1541379714.456238,0.9994070529937744,3612843543,204783926,0,0,0,1,0,0,0,0,146,0,32,0,5,56928,32,1,0,0
1541379714.494398,0.038160085678100586,3612843543,204783926,0,0,0,1,1,0,0,0,146,0,32,1055,5,56929,32,1,0,0
1541379715.033823,0.5394248962402344,3612844598,204785345,0,0,0,1,1,0,0,0,157,0,32,1295,5,56930,32,1,0,0
1541379715.476465,0.4426419734954834,3612845893,204787002,0,0,0,1,0,0,0,0,170,0,32,0,5,56931,32,1,0,0
1541379715.519902,0.04343700408935547,3612845893,204787131,0,0,0,1,0,0,0,0,181,0,32,0,5,56932,32,1,0,0
1541379715.520232,0.0003299713134765625,3612845893,204787131,0,0,0,1,1,0,0,0,181,0,32,1054,5,56933,32,1,0,0
1541379716.887864,1.3676321506500244,3612846947,204788459,0,0,0,1,0,0,0,0,192,0,32,0,5,56934,32,1,0,0
1541379716.896973,0.009108781814575195,3612846947,204789907,0,0,0,1,0,0,0,0,204,0,32,0,5,56935,32,1,0,0
1541379716.896976,3.0994415283203125e-06,3612846947,204789907,0,0,0,1,0,0,0,0,218,0,44,0,5,56936,32,1,0,0
1541379716.896977,9.5367431640625e-07,3612846947,204792281,0,0,0,1,0,0,0,0,229,0,32,0,5,56937,32,1,0,0
1541379716.902885,0.005908012390136719,3612846947,204792281,0,0,0,1,1,0,0,0,229,0,32,1055,5,56938,32,1,0,0
1541379716.980659,0.0777740478515625,3612848002,204792281,0,0,0,1,0,0,0,0,229,0,44,0,5,56939,32,1,0,0
