timestamp,inter_arrival_time,seq,ack,flag_CWR,flag_ECE,flag_URG,flag_ACK,flag_PSH,flag_RST,flag_SYN,flag_FIN,window_size,urgent_pointer,tcp_header_size,tcp_payload_size,ip_header_size,ip_id,ip_tos,ip_df,ip_mf,ip_offset
1541379680.697972,nan,2030707037,1274228206,0,0,0,1,0,0,1,0,27960,0,40,0,5,0,32,1,0,0
1541379680.734316,0.036344051361083984,2030707038,1274228447,0,0,0,1,0,0,0,0,114,0,32,0,5,49641,32,1,0,0
1541379680.734558,0.00024199485778808594,2030707038,1274228447,0,0,0,1,0,0,0,0,114,0,32,1398,5,49642,32,1,0,0
1541379680.734741,0.00018286705017089844,2030708436,1274228447,0,0,0,1,0,0,0,0,114,0,32,1398,5,49643,32,1,0,0
1541379680.739754,0.005012989044189453,2030709834,1274228447,0,0,0,1,1,0,0,0,114,0,32,413,5,49644,32,1,0,0
1541379680.799386,0.059632062911987305,2030710247,1274228573,0,0,0,1,1,0,0,0,114,0,32,51,5,49645,32,1,0,0
1541379680.80039,0.0010039806365966797,2030710298,1274228573,0,0,0,1,1,0,0,0,114,0,32,81,5,49646,32,1,0,0
1541379680.840453,0.040062904357910156,2030710379,1274228963,0,0,0,1,1,0,0,0,118,0,32,38,5,49647,32,1,0,0
1541379680.840457,4.0531158447265625e-06,2030710417,1274228963,0,0,0,1,1,0,0,0,118,0,32,42,5,49648,32,1,0,0
1541379680.840506,4.9114227294921875e-05,2030710459,1274228963,0,0,0,1,0,0,0,0,118,0,32,1398,5,49649,32,1,0,0
1541379680.841571,0.0010650157928466797,2030711857,1274228963,0,0,0,1,0,0,0,0,118,0,32,1398,5,49650,32,1,0,0
1541379680.841782,0.0002110004425048828,2030713255,1274228963,0,0,0,1,0,0,0,0,118,0,32,1398,5,49651,32,1,0,0
1541379680.84338,0.0015978813171386719,2030714653,1274228963,0,0,0,1,0,0,0,0,118,0,32,1398,5,49652,32,1,0,0
1541379680.843383,3.0994415283203125e-06,2030716051,1274228963,0,0,0,1,0,0,0,0,118,0,32,1398,5,49653,32,1,0,0
1541379680.844785,0.0014019012451171875,2030717449,1274228963,0,0,0,1,0,0,0,0,118,0,32,1398,5,49654,32,1,0,0
1541379680.845177,0.00039196014404296875,2030718847,1274228963,0,0,0,1,0,0,0,0,118,0,32,1398,5,49655,32,1,0,0
1541379680.845179,2.1457672119140625e-06,2030720245,1274228963,0,0,0,1,0,0,0,0,118,0,32,1398,5,49656,32,1,0,0
1541379680.865062,0.019882917404174805,2030721643,1274228963,0,0,0,1,0,0,0,0,118,0,32,1398,5,49657,32,1,0,0
1541379680.866163,0.0011010169982910156,2030723041,1274228963,0,0,0,1,0,0,0,0,118,0,32,1398,5,49658,32,1,0,0
1541379680.867414,0.0012509822845458984,2030724439,1274228963,0,0,0,1,0,0,0,0,118,0,32,1398,5,49659,32,1,0,0
1541379680.867621,0.00020694732666015625,2030725837,1274228963,0,0,0,1,0,0,0,0,118,0,32,1398,5,49660,32,1,0,0
1541379680.867773,0.00015211105346679688,2030727235,1274228963,0,0,0,1,0,0,0,0,118,0,32,1398,5,49661,32,1,0,0
1541379680.867885,0.00011205673217773438,2030728633,1274228963,0,0,0,1,0,0,0,0,118,0,32,1398,5,49662,32,1,0,0
1541379680.872534,0.004648923873901367,2030730031,1274228963,0,0,0,1,0,0,0,0,118,0,32,1398,5,49663,32,1,0,0
1541379680.872796,0.0002620220184326172,2030731429,1274228963,0,0,0,1,0,0,0,0,118,0,32,1398,5,49664,32,1,0,0
1541379680.872798,1.9073486328125e-06,2030732827,1274228963,0,0,0,1,0,0,0,0,118,0,32,1398,5,49665,32,1,0,0
1541379680.872939,0.000141143798828125,2030734225,1274228963,0,0,0,1,0,0,0,0,118,0,32,1398,5,49666,32,1,0,0
1541379680.873209,0.00026988983154296875,2030735623,1274228963,0,0,0,1,0,0,0,0,118,0,32,1398,5,49667,32,1,0,0
1541379680.873211,1.9073486328125e-06,2030737021,1274228963,0,0,0,1,0,0,0,0,118,0,32,1398,5,49668,32,1,0,0
1541379680.873378,0.0001671314239501953,2030738419,1274228963,0,0,0,1,0,0,0,0,118,0,32,1398,5,49669,32,1,0,0
1541379680.873481,0.000102996826171875,2030739817,1274228963,0,0,0,1,0,0,0,0,118,0,32,1398,5,49670,32,1,0,0
1541379680.873882,0.0004010200500488281,2030741215,1274228963,0,0,0,1,0,0,0,0,118,0,32,1398,5,49671,32,1,0,0
1541379680.873884,1.9073486328125e-06,2030742613,1274228963,0,0,0,1,0,0,0,0,118,0,32,1398,5,49672,32,1,0,0
1541379680.874177,0.0002930164337158203,2030744011,1274228963,0,0,0,1,0,0,0,0,118,0,32,1398,5,49673,32,1,0,0
1541379680.874179,1.9073486328125e-06,2030745409,1274228963,0,0,0,1,0,0,0,0,118,0,32,1398,5,49674,32,1,0,0
1541379680.900095,0.025916099548339844,2030746807,1274228963,0,0,0,1,0,0,0,0,118,0,32,1398,5,49675,32,1,0,0
1541379680.900443,0.00034809112548828125,2030748205,1274228963,0,0,0,1,0,0,0,0,118,0,32,1398,5,49676,32,1,0,0
1541379680.918973,0.018529891967773438,2030749603,1274228963,0,0,0,1,0,0,0,0,118,0,32,1398,5,49677,32,1,0,0
1541379680.918974,9.5367431640625e-07,2030751001,1274228963,0,0,0,1,0,0,0,0,118,0,32,1398,5,49678,32,1,0,0
1541379680.918975,1.1920928955078125e-06,2030752399,1274228963,0,0,0,1,0,0,0,0,118,0,32,1398,5,49679,32,1,0,0
1541379680.918977,1.9073486328125e-06,2030753797,1274228963,0,0,0,1,0,0,0,0,118,0,32,1398,5,49680,32,1,0,0
1541379680.918978,9.5367431640625e-07,2030755195,1274228963,0,0,0,1,0,0,0,0,118,0,32,1398,5,49681,32,1,0,0
1541379680.91898,1.9073486328125e-06,2030756593,1274228963,0,0,0,1,0,0,0,0,118,0,32,1398,5,49682,32,1,0,0
1541379680.918981,1.1920928955078125e-06,2030757991,1274228963,0,0,0,1,0,0,0,0,118,0,32,1398,5,49683,32,1,0,0
1541379680.918983,1.9073486328125e-06,2030759389,1274228963,0,0,0,1,0,0,0,0,118,0,32,1398,5,49684,32,1,0,0
1541379680.918984,9.5367431640625e-07,2030760787,1274228963,0,0,0,1,0,0,0,0,118,0,32,1398,5,49685,32,1,0,0
1541379680.918986,2.1457672119140625e-06,2030762185,1274228963,0,0,0,1,0,0,0,0,118,0,32,1398,5,49686,32,1,0,0
1541379680.919056,6.985664367675781e-05,2030763583,1274228963,0,0,0,1,0,0,0,0,118,0,32,1398,5,49687,32,1,0,0
1541379680.919399,0.00034308433532714844,2030764981,1274228963,0,0,0,1,0,0,0,0,118,0,32,1398,5,49688,32,1,0,0
1541379680.921325,0.0019259452819824219,2030766379,1274228963,0,0,0,1,0,0,0,0,118,0,32,1398,5,49689,32,1,0,0
1541379680.921328,3.0994415283203125e-06,2030767777,1274228963,0,0,0,1,0,0,0,0,118,0,32,1398,5,49690,32,1,0,0
1541379680.92133,1.9073486328125e-06,2030769175,1274228963,0,0,0,1,0,0,0,0,118,0,32,1398,5,49691,32,1,0,0
1541379680.921561,0.00023102760314941406,2030770573,1274228963,0,0,0,1,0,0,0,0,118,0,32,1398,5,49692,32,1,0,0
1541379680.921563,1.9073486328125e-06,2030771971,1274228963,0,0,0,1,1,0,0,0,118,0,32,274,5,49693,32,1,0,0
1541379680.937028,0.015465021133422852,2030772245,1274229005,0,0,0,1,0,0,0,0,118,0,32,0,5,49694,32,1,0,0
